
NUMPOLLIES 64

//lattia

-64.0  0.0 -64.0 0.0 6.0
-64.0  0.0  64.0 0.0 0.0
 64.0  0.0  64.0 9.0 0.0

-64.0  0.0 -64.0 0.0 6.0
 64.0  0.0 -64.0 9.0 6.0
 64.0  0.0  64.0 9.0 0.0

// A1

64.0   19.0  64.0 0.0 2.0
64.0   0.0  64.0 0.0 2.0
-64.0  0.0  64.0 6.5 -1.0

64.0   19.0  64.0 0.0 2.0
-64.0  19.0  64.0 6.5 -1.0
-64.0  0.0  64.0 6.5 -1.0

// A2

64.0   0.0  -64.0 6.5 -2.0
64.0   19.0  -64.0 6.5 -2.0
-64.0  19.0  -64.0 0.0 1.0

64.0   0.0  -64.0 6.5 -2.0
-64.0  0.0  -64.0 0.0 1.0
-64.0  19.0  -64.0 0.0 1.0



// A4

64.0   0.0 -64.0 6.5 -2.0
64.0   0.0  64.0 6.5 -2.0
64.0 19.0  -64.0 0.0 1.0

64.0  19.0 64.0 6.5 -1.0
64.0  19.0 -64.0 0.0 2.0
64.0  0.0  64.0 0.0 -2.0

// A5

-64.0   0.0 64.0 6.5 -2.0
-64.0   0.0  -64.0 6.5 -2.0
-64.0 19.0  64.0 0.0 1.0

-64.0  19.0 -64.0 6.5 -1.0
-64.0  19.0 64.0 0.0 2.0
-64.0  0.0  -64.0 0.0 -2.0

// A3 -katto

-64.0 19.0  -64.0 0.0 6.0
-64.0 19.0  64.0 0.0 0.0
64.0  19.0  64.0 6.5 0.0

-64.0 19.0  -64.0 0.0 6.0
64.0  19.0  -64.0 6.5 6.0
64.0  19.0  64.0 6.5 0.0
