
NUMPOLLIES 64

//lattia

-64.0  0.0 -64.0 0.0 6.0
-64.0  0.0  64.0 0.0 0.0
 64.0  0.0  64.0 9.0 0.0

-64.0  0.0 -64.0 0.0 6.0
 64.0  0.0 -64.0 9.0 6.0
 64.0  0.0  64.0 9.0 0.0

// A1  -etelä

64.0   29.0  64.0 0.0 10.0
64.0   0.0  64.0 0.0 0.0
-64.0  0.0  64.0 9.0 0.0

64.0   29.0  64.0 0.0 10.0
-64.0  29.0  64.0 9.0 10.0
-64.0  0.0  64.0 9.0 0.0

// A2 -pohjoinen

64.0   0.0  -64.0 9.0 10.0
64.0   29.0  -64.0 9.0 0.0
-64.0  29.0  -64.0 0.0 0.0

64.0   0.0  -64.0 9.0 10.0
-64.0  0.0  -64.0 0.0 10.0
-64.0  29.0  -64.0 0.0 0.0



// A4

64.0   0.0 -64.0 9.0 10.0
64.0   0.0  64.0 0.0 10.0
64.0 29.0  -64.0 9.0 0.0

64.0  29.0 64.0 9.0 10.0
64.0  29.0 -64.0 0.0 10.0
64.0  0.0  64.0 9.0 0.0

// A5

-64.0   0.0   64.0   9.0 10.0
-64.0   0.0  -64.0   0.0 10.0
-64.0   29.0  64.0   9.0 0.0

-64.0  29.0 -64.0 9.0 10.0
-64.0  29.0 64.0 0.0 10.0
-64.0  0.0  -64.0 9.0 0.0

// A3 -katto

-64.0 29.0  -64.0 0.0 1.0
-64.0 29.0  64.0 0.0 0.0
64.0  29.0  64.0 1.0 0.0

-64.0 29.0  -64.0 0.0 1.0
64.0  29.0  -64.0 1.0 1.0
64.0  29.0  64.0 1.0 0.0